5.000000000000000000e-01 5.716071758595688834e-01 1.530448358286490458e-02
5.000000000000000000e-01 6.764594103335141995e-01 2.007305212624262841e-02
5.000000000000000000e-01 9.523312696811530031e-01 3.105588689922807524e-02
5.000000000000000000e-01 2.636495935995899487e-01 4.857261897496784227e-03
5.000000000000000000e-01 6.233509684046154575e-01 2.219784046681988476e-02
5.000000000000000000e-01 2.636519068587404035e-01 5.602869612918028736e-03
5.000000000000000000e-01 6.024087172624135178e-01 2.538251781053275577e-02
5.000000000000000000e-01 6.628713160912340641e-01 2.545057430957442871e-02
5.000000000000000000e-01 3.638277456230163409e-01 1.104501672747514561e-02
5.000000000000000000e-01 5.695376618591510010e-01 1.467583813568233524e-02
5.000000000000000000e-01 3.793231764197351197e-01 1.028953212395614623e-02
5.000000000000000000e-01 9.874964812733253439e-01 2.915681140544541458e-02
5.000000000000000000e-01 6.922642286596669692e-03 1.530448358286490458e-02
5.000000000000000000e-01 9.253954507535411267e-03 2.007305212624262841e-02
5.000000000000000000e-01 6.559227192180827615e-03 3.105588689922807524e-02
5.000000000000000000e-01 7.343903959395881031e-03 4.857261897496784227e-03
5.000000000000000000e-01 -3.320510323355208016e-02 2.219784046681988476e-02
5.000000000000000000e-01 8.920528399936067387e-03 5.602869612918028736e-03
5.000000000000000000e-01 -1.002109207110635225e-03 2.538251781053275577e-02
5.000000000000000000e-01 6.139634296996376861e-03 2.545057430957442871e-02
5.000000000000000000e-01 -9.210926807266872629e-03 1.104501672747514561e-02
5.000000000000000000e-01 8.830862301973496642e-03 1.467583813568233524e-02
5.000000000000000000e-01 4.049524033103324427e-03 1.028953212395614623e-02
5.000000000000000000e-01 4.383025248205996149e-03 2.915681140544541458e-02
